0 3
0 6
0 7
0 9
0 10
0 11
0 14
0 15
0 17
0 18
0 19
0 20
0 21
0 23
0 73
0 128
0 0
1 0
1 2
1 3
1 4
1 5
1 6
1 7
1 8
1 9
1 10
1 11
1 12
1 13
1 15
1 17
1 19
1 20
1 21
1 22
1 23
1 24
1 1
2 0
2 1
2 3
2 4
2 7
2 8
2 9
2 10
2 11
2 12
2 13
2 14
2 16
2 17
2 20
2 22
2 24
2 27
2 2
3 0
3 1
3 2
3 5
3 6
3 7
3 8
3 10
3 12
3 14
3 15
3 16
3 17
3 18
3 20
3 21
3 23
3 24
3 3
4 0
4 1
4 2
4 3
4 6
4 8
4 9
4 10
4 11
4 12
4 13
4 14
4 15
4 16
4 17
4 18
4 20
4 21
4 22
4 23
4 24
4 53
4 4
5 0
5 1
5 2
5 4
5 6
5 8
5 10
5 11
5 12
5 13
5 14
5 16
5 17
5 18
5 23
5 24
5 40
5 88
5 5
6 0
6 1
6 2
6 3
6 4
6 5
6 7
6 9
6 10
6 14
6 16
6 18
6 19
6 20
6 21
6 22
6 32
6 66
6 6
7 2
7 3
7 4
7 5
7 8
7 9
7 11
7 13
7 14
7 15
7 19
7 22
7 23
7 24
7 28
7 85
7 7
8 0
8 1
8 4
8 6
8 7
8 9
8 10
8 11
8 12
8 13
8 14
8 15
8 16
8 18
8 19
8 20
8 22
8 23
8 95
8 8
9 1
9 2
9 3
9 4
9 7
9 10
9 11
9 12
9 13
9 15
9 16
9 17
9 18
9 19
9 20
9 21
9 22
9 23
9 24
9 9
10 0
10 2
10 4
10 5
10 8
10 9
10 11
10 13
10 15
10 16
10 17
10 18
10 19
10 24
10 32
10 146
10 10
11 0
11 1
11 3
11 4
11 6
11 10
11 12
11 13
11 14
11 15
11 16
11 18
11 19
11 20
11 21
11 22
11 23
11 24
11 34
11 11
12 0
12 1
12 2
12 3
12 4
12 5
12 6
12 7
12 9
12 13
12 14
12 16
12 17
12 18
12 19
12 20
12 21
12 24
12 12
13 0
13 1
13 2
13 3
13 4
13 5
13 6
13 7
13 10
13 11
13 12
13 14
13 15
13 17
13 18
13 20
13 23
13 111
13 13
14 0
14 1
14 3
14 4
14 9
14 10
14 11
14 12
14 15
14 17
14 18
14 19
14 21
14 22
14 23
14 14
15 0
15 1
15 2
15 4
15 8
15 9
15 11
15 12
15 13
15 14
15 16
15 18
15 21
15 22
15 24
15 38
15 15
16 0
16 1
16 2
16 4
16 5
16 6
16 7
16 8
16 9
16 12
16 14
16 15
16 19
16 20
16 21
16 23
16 24
16 122
16 16
17 1
17 2
17 3
17 5
17 6
17 7
17 8
17 10
17 12
17 13
17 14
17 15
17 16
17 19
17 20
17 22
17 23
17 57
17 75
17 17
18 0
18 2
18 4
18 5
18 6
18 7
18 10
18 11
18 12
18 13
18 14
18 16
18 17
18 20
18 22
18 24
18 18
19 0
19 1
19 2
19 3
19 4
19 5
19 6
19 7
19 9
19 11
19 12
19 13
19 14
19 15
19 16
19 17
19 18
19 20
19 21
19 22
19 23
19 24
19 50
19 19
20 0
20 2
20 4
20 5
20 7
20 9
20 10
20 12
20 14
20 15
20 16
20 18
20 19
20 21
20 22
20 23
20 24
20 35
20 90
20 20
21 0
21 3
21 5
21 6
21 7
21 8
21 9
21 10
21 12
21 13
21 14
21 15
21 16
21 17
21 18
21 19
21 20
21 22
21 23
21 21
22 0
22 1
22 2
22 5
22 6
22 7
22 8
22 9
22 10
22 12
22 13
22 14
22 15
22 16
22 17
22 18
22 19
22 21
22 24
22 22
23 1
23 4
23 5
23 7
23 9
23 10
23 12
23 13
23 15
23 16
23 17
23 18
23 20
23 22
23 23
24 0
24 1
24 2
24 3
24 4
24 6
24 7
24 8
24 10
24 16
24 18
24 19
24 20
24 21
24 22
24 23
24 86
24 24
25 30
25 31
25 33
25 34
25 35
25 36
25 37
25 41
25 42
25 43
25 44
25 45
25 47
25 48
25 49
25 25
26 25
26 27
26 29
26 30
26 31
26 32
26 33
26 35
26 36
26 37
26 38
26 39
26 40
26 41
26 44
26 45
26 47
26 49
26 26
27 25
27 30
27 31
27 32
27 34
27 35
27 36
27 37
27 38
27 42
27 43
27 45
27 46
27 48
27 49
27 27
28 0
28 25
28 30
28 31
28 33
28 36
28 42
28 43
28 44
28 45
28 46
28 47
28 48
28 28
29 14
29 25
29 27
29 28
29 30
29 31
29 32
29 33
29 34
29 35
29 36
29 37
29 38
29 39
29 42
29 43
29 44
29 45
29 46
29 47
29 48
29 49
29 29
30 20
30 25
30 26
30 27
30 28
30 29
30 33
30 34
30 37
30 38
30 39
30 40
30 41
30 42
30 44
30 45
30 47
30 48
30 52
30 108
30 30
31 26
31 27
31 28
31 29
31 30
31 32
31 33
31 34
31 35
31 36
31 39
31 40
31 41
31 42
31 43
31 44
31 45
31 47
31 48
31 31
32 27
32 30
32 31
32 33
32 35
32 36
32 38
32 40
32 41
32 42
32 43
32 44
32 45
32 46
32 47
32 68
32 107
32 32
33 25
33 26
33 32
33 34
33 35
33 36
33 37
33 38
33 39
33 40
33 41
33 42
33 44
33 45
33 47
33 48
33 49
33 52
33 62
33 33
34 25
34 27
34 30
34 31
34 33
34 35
34 37
34 38
34 39
34 40
34 41
34 42
34 43
34 44
34 45
34 46
34 48
34 49
34 127
34 34
35 25
35 26
35 27
35 28
35 29
35 30
35 32
35 33
35 34
35 36
35 38
35 39
35 41
35 42
35 43
35 44
35 45
35 46
35 47
35 48
35 49
35 117
35 35
36 25
36 26
36 27
36 28
36 29
36 30
36 31
36 32
36 34
36 37
36 38
36 39
36 40
36 41
36 43
36 44
36 45
36 46
36 47
36 48
36 78
36 108
36 36
37 28
37 30
37 31
37 32
37 33
37 34
37 36
37 38
37 40
37 41
37 42
37 43
37 44
37 45
37 46
37 48
37 49
37 55
37 121
37 37
38 25
38 26
38 27
38 28
38 29
38 30
38 31
38 32
38 39
38 40
38 43
38 44
38 46
38 47
38 48
38 114
38 38
39 3
39 16
39 27
39 28
39 29
39 30
39 32
39 33
39 34
39 35
39 36
39 37
39 38
39 40
39 41
39 42
39 44
39 45
39 46
39 49
39 72
39 91
39 121
39 39
40 21
40 25
40 28
40 29
40 30
40 31
40 32
40 33
40 34
40 35
40 36
40 39
40 42
40 43
40 44
40 45
40 47
40 49
40 97
40 40
41 12
41 25
41 26
41 27
41 28
41 29
41 31
41 32
41 33
41 34
41 35
41 36
41 37
41 39
41 43
41 44
41 45
41 46
41 47
41 48
41 54
41 103
41 41
42 15
42 25
42 26
42 30
42 32
42 33
42 34
42 36
42 38
42 39
42 40
42 41
42 43
42 44
42 45
42 46
42 47
42 49
42 136
42 42
43 22
43 25
43 28
43 31
43 32
43 35
43 36
43 39
43 41
43 44
43 45
43 46
43 47
43 49
43 43
44 25
44 27
44 28
44 29
44 30
44 31
44 33
44 34
44 35
44 37
44 38
44 40
44 41
44 42
44 43
44 45
44 46
44 49
44 44
45 25
45 27
45 30
45 31
45 32
45 33
45 34
45 35
45 37
45 38
45 39
45 41
45 42
45 43
45 44
45 46
45 47
45 48
45 45
46 25
46 26
46 28
46 30
46 32
46 33
46 34
46 35
46 36
46 40
46 41
46 42
46 44
46 45
46 49
46 46
47 25
47 26
47 27
47 28
47 29
47 32
47 33
47 34
47 35
47 36
47 38
47 39
47 41
47 45
47 46
47 49
47 141
47 47
48 11
48 25
48 27
48 28
48 29
48 30
48 31
48 35
48 38
48 39
48 40
48 41
48 43
48 44
48 47
48 122
48 48
49 25
49 26
49 29
49 31
49 33
49 35
49 36
49 37
49 38
49 39
49 40
49 41
49 42
49 43
49 48
49 114
49 49
50 51
50 52
50 53
50 54
50 56
50 57
50 58
50 59
50 60
50 62
50 63
50 64
50 65
50 66
50 67
50 68
50 70
50 72
50 73
50 74
50 85
50 107
50 129
50 142
50 50
51 50
51 53
51 54
51 55
51 58
51 59
51 60
51 63
51 64
51 65
51 66
51 67
51 68
51 69
51 70
51 71
51 72
51 74
51 85
51 51
52 39
52 50
52 51
52 53
52 54
52 55
52 57
52 58
52 59
52 62
52 66
52 67
52 68
52 69
52 70
52 71
52 72
52 73
52 74
52 83
52 101
52 149
52 52
53 50
53 51
53 52
53 54
53 55
53 56
53 57
53 58
53 59
53 60
53 61
53 63
53 65
53 67
53 68
53 69
53 71
53 72
53 73
53 74
53 53
54 25
54 51
54 52
54 55
54 56
54 58
54 59
54 60
54 61
54 62
54 63
54 65
54 66
54 68
54 69
54 70
54 71
54 54
55 2
55 51
55 52
55 53
55 54
55 56
55 57
55 58
55 59
55 61
55 62
55 63
55 64
55 66
55 67
55 69
55 70
55 72
55 73
55 74
55 97
55 55
56 18
56 50
56 51
56 54
56 55
56 57
56 58
56 60
56 61
56 62
56 63
56 64
56 65
56 66
56 69
56 70
56 71
56 72
56 74
56 56
57 50
57 52
57 53
57 54
57 56
57 58
57 59
57 61
57 62
57 63
57 64
57 65
57 66
57 67
57 68
57 70
57 72
57 73
57 57
58 50
58 51
58 53
58 56
58 60
58 61
58 62
58 63
58 64
58 65
58 66
58 67
58 68
58 69
58 70
58 72
58 73
58 74
58 90
58 58
59 50
59 51
59 52
59 53
59 54
59 57
59 58
59 61
59 62
59 63
59 64
59 65
59 66
59 69
59 70
59 72
59 73
59 74
59 59
60 18
60 20
60 50
60 52
60 53
60 55
60 56
60 57
60 58
60 59
60 61
60 64
60 66
60 67
60 68
60 69
60 70
60 71
60 73
60 74
60 60
61 50
61 51
61 52
61 53
61 54
61 55
61 56
61 57
61 58
61 59
61 60
61 64
61 68
61 69
61 70
61 71
61 72
61 73
61 74
61 116
61 61
62 0
62 51
62 52
62 53
62 54
62 55
62 56
62 61
62 63
62 64
62 65
62 66
62 67
62 71
62 74
62 62
63 50
63 51
63 52
63 53
63 55
63 56
63 58
63 59
63 60
63 61
63 62
63 64
63 65
63 66
63 67
63 70
63 71
63 80
63 63
64 50
64 52
64 54
64 58
64 62
64 63
64 65
64 66
64 67
64 68
64 69
64 70
64 71
64 72
64 73
64 74
64 64
65 50
65 51
65 52
65 53
65 54
65 55
65 56
65 58
65 59
65 60
65 61
65 62
65 67
65 69
65 70
65 71
65 72
65 74
65 81
65 117
65 65
66 50
66 52
66 53
66 54
66 55
66 56
66 57
66 58
66 60
66 61
66 62
66 64
66 68
66 69
66 73
66 74
66 66
67 50
67 51
67 53
67 55
67 56
67 57
67 58
67 62
67 65
67 66
67 68
67 69
67 71
67 72
67 73
67 74
67 107
67 145
67 67
68 50
68 51
68 52
68 53
68 54
68 55
68 56
68 57
68 58
68 60
68 61
68 64
68 65
68 67
68 69
68 70
68 71
68 72
68 133
68 68
69 50
69 52
69 53
69 54
69 56
69 57
69 58
69 59
69 60
69 61
69 62
69 63
69 64
69 66
69 70
69 71
69 72
69 73
69 74
69 142
69 69
70 26
70 50
70 52
70 54
70 55
70 56
70 57
70 58
70 59
70 60
70 62
70 63
70 64
70 66
70 67
70 68
70 71
70 72
70 73
70 74
70 70
71 51
71 53
71 54
71 55
71 56
71 57
71 58
71 59
71 61
71 62
71 63
71 64
71 65
71 66
71 67
71 68
71 69
71 70
71 72
71 73
71 71
72 50
72 51
72 55
72 57
72 58
72 59
72 62
72 63
72 67
72 69
72 73
72 74
72 72
73 53
73 55
73 56
73 57
73 58
73 60
73 61
73 62
73 63
73 64
73 65
73 66
73 67
73 68
73 70
73 71
73 72
73 92
73 73
74 50
74 52
74 53
74 54
74 61
74 62
74 66
74 67
74 68
74 69
74 72
74 73
74 79
74 105
74 133
74 74
75 79
75 81
75 83
75 84
75 85
75 86
75 87
75 89
75 91
75 92
75 93
75 94
75 95
75 96
75 97
75 98
75 99
75 75
76 53
76 69
76 77
76 78
76 79
76 80
76 81
76 85
76 86
76 91
76 92
76 94
76 95
76 99
76 76
77 74
77 75
77 78
77 79
77 80
77 83
77 85
77 88
77 89
77 90
77 91
77 92
77 94
77 97
77 98
77 77
78 65
78 75
78 76
78 77
78 79
78 81
78 82
78 83
78 85
78 86
78 88
78 89
78 92
78 93
78 94
78 95
78 96
78 97
78 98
78 99
78 78
79 13
79 52
79 76
79 77
79 78
79 80
79 81
79 85
79 86
79 87
79 90
79 91
79 93
79 94
79 95
79 96
79 98
79 99
79 79
80 4
80 6
80 75
80 76
80 78
80 79
80 81
80 82
80 84
80 86
80 88
80 89
80 90
80 93
80 94
80 95
80 97
80 98
80 99
80 80
81 56
81 67
81 71
81 75
81 77
81 78
81 79
81 80
81 82
81 83
81 84
81 85
81 86
81 87
81 88
81 89
81 90
81 91
81 93
81 94
81 95
81 97
81 98
81 138
81 81
82 75
82 76
82 77
82 80
82 81
82 84
82 85
82 89
82 90
82 92
82 94
82 95
82 97
82 98
82 99
82 124
82 136
82 82
83 76
83 77
83 78
83 80
83 81
83 87
83 89
83 90
83 91
83 92
83 93
83 95
83 99
83 149
83 83
84 6
84 36
84 53
84 75
84 76
84 77
84 78
84 80
84 82
84 83
84 85
84 86
84 87
84 88
84 91
84 92
84 93
84 94
84 95
84 98
84 99
84 141
84 84
85 75
85 76
85 80
85 83
85 84
85 86
85 87
85 88
85 90
85 92
85 94
85 96
85 97
85 98
85 103
85 109
85 144
85 85
86 65
86 75
86 77
86 78
86 80
86 81
86 82
86 83
86 87
86 88
86 89
86 90
86 91
86 92
86 93
86 94
86 96
86 97
86 98
86 99
86 86
87 10
87 76
87 77
87 78
87 79
87 80
87 81
87 83
87 84
87 85
87 86
87 89
87 91
87 92
87 93
87 94
87 95
87 96
87 97
87 98
87 99
87 129
87 87
88 34
88 36
88 76
88 79
88 82
88 84
88 86
88 87
88 89
88 90
88 91
88 92
88 93
88 94
88 95
88 96
88 97
88 99
88 148
88 88
89 76
89 82
89 83
89 84
89 85
89 87
89 88
89 90
89 91
89 92
89 93
89 95
89 97
89 98
89 99
89 142
89 89
90 75
90 76
90 77
90 78
90 80
90 82
90 83
90 85
90 86
90 91
90 93
90 95
90 96
90 97
90 98
90 99
90 90
91 25
91 75
91 76
91 77
91 78
91 79
91 80
91 81
91 84
91 85
91 86
91 87
91 90
91 92
91 93
91 94
91 95
91 96
91 97
91 91
92 17
92 54
92 63
92 75
92 76
92 77
92 78
92 79
92 81
92 83
92 84
92 85
92 86
92 87
92 88
92 90
92 91
92 94
92 95
92 97
92 98
92 99
92 92
93 73
93 75
93 77
93 78
93 79
93 80
93 81
93 82
93 83
93 84
93 85
93 86
93 87
93 88
93 89
93 90
93 91
93 92
93 94
93 95
93 96
93 98
93 138
93 93
94 58
94 76
94 77
94 78
94 80
94 81
94 82
94 84
94 86
94 87
94 88
94 90
94 91
94 93
94 96
94 99
94 143
94 94
95 11
95 28
95 29
95 75
95 77
95 78
95 79
95 80
95 81
95 82
95 83
95 84
95 85
95 86
95 89
95 90
95 93
95 96
95 98
95 95
96 19
96 57
96 75
96 76
96 78
96 79
96 82
96 84
96 85
96 86
96 87
96 88
96 89
96 91
96 92
96 93
96 94
96 95
96 97
96 98
96 96
97 17
97 75
97 77
97 78
97 79
97 80
97 81
97 83
97 84
97 86
97 87
97 88
97 90
97 91
97 92
97 94
97 98
97 99
97 97
98 9
98 65
98 75
98 76
98 78
98 80
98 81
98 82
98 83
98 84
98 87
98 88
98 89
98 90
98 91
98 92
98 94
98 95
98 144
98 98
99 75
99 76
99 77
99 79
99 80
99 82
99 83
99 84
99 85
99 86
99 87
99 88
99 89
99 90
99 91
99 92
99 93
99 96
99 98
99 147
99 99
100 101
100 102
100 103
100 105
100 108
100 109
100 110
100 111
100 112
100 114
100 117
100 120
100 122
100 124
100 100
101 74
101 100
101 102
101 103
101 104
101 106
101 108
101 109
101 110
101 111
101 114
101 115
101 116
101 117
101 118
101 119
101 120
101 121
101 122
101 123
101 101
102 5
102 100
102 103
102 106
102 107
102 109
102 110
102 112
102 114
102 115
102 116
102 118
102 120
102 121
102 124
102 102
103 66
103 100
103 101
103 102
103 105
103 109
103 110
103 111
103 112
103 114
103 116
103 117
103 118
103 119
103 120
103 121
103 122
103 123
103 124
103 127
103 103
104 19
104 101
104 102
104 103
104 105
104 106
104 107
104 108
104 109
104 110
104 111
104 113
104 117
104 118
104 120
104 122
104 123
104 124
104 104
105 100
105 103
105 106
105 107
105 108
105 109
105 110
105 111
105 112
105 113
105 114
105 116
105 117
105 118
105 119
105 122
105 123
105 124
105 105
106 15
106 45
106 100
106 101
106 102
106 104
106 105
106 108
106 110
106 111
106 112
106 114
106 115
106 116
106 117
106 118
106 119
106 120
106 121
106 122
106 123
106 124
106 106
107 18
107 100
107 101
107 102
107 104
107 105
107 109
107 111
107 112
107 113
107 114
107 116
107 117
107 118
107 120
107 123
107 124
107 107
108 6
108 35
108 100
108 101
108 102
108 104
108 105
108 106
108 107
108 113
108 115
108 117
108 119
108 120
108 121
108 124
108 108
109 102
109 103
109 105
109 106
109 107
109 108
109 112
109 114
109 115
109 116
109 118
109 120
109 121
109 124
109 109
110 100
110 103
110 104
110 105
110 106
110 107
110 109
110 111
110 113
110 114
110 115
110 116
110 117
110 118
110 119
110 120
110 121
110 122
110 123
110 110
111 19
111 100
111 102
111 107
111 108
111 109
111 113
111 114
111 115
111 116
111 118
111 120
111 123
111 146
111 111
112 101
112 102
112 103
112 104
112 107
112 109
112 110
112 111
112 113
112 114
112 115
112 116
112 117
112 118
112 123
112 124
112 112
113 100
113 101
113 102
113 103
113 105
113 107
113 109
113 110
113 111
113 112
113 114
113 118
113 119
113 120
113 122
113 123
113 113
114 100
114 101
114 102
114 104
114 108
114 109
114 111
114 112
114 113
114 115
114 116
114 117
114 119
114 120
114 121
114 122
114 123
114 124
114 114
115 101
115 102
115 103
115 104
115 105
115 106
115 107
115 108
115 110
115 113
115 114
115 116
115 117
115 118
115 120
115 121
115 122
115 124
115 115
116 28
116 101
116 102
116 103
116 105
116 106
116 107
116 113
116 114
116 115
116 120
116 121
116 122
116 123
116 124
116 134
116 116
117 100
117 101
117 102
117 103
117 105
117 106
117 107
117 108
117 109
117 111
117 112
117 113
117 115
117 116
117 118
117 120
117 121
117 122
117 124
117 117
118 87
118 102
118 103
118 104
118 105
118 106
118 107
118 108
118 109
118 110
118 111
118 112
118 113
118 115
118 119
118 129
118 136
118 118
119 100
119 101
119 102
119 103
119 104
119 105
119 107
119 108
119 110
119 111
119 114
119 115
119 116
119 117
119 118
119 120
119 121
119 122
119 119
120 99
120 102
120 103
120 104
120 106
120 108
120 109
120 111
120 112
120 113
120 116
120 117
120 118
120 119
120 122
120 123
120 120
121 101
121 103
121 104
121 105
121 107
121 110
121 112
121 113
121 114
121 117
121 118
121 119
121 120
121 131
121 147
121 121
122 8
122 100
122 101
122 102
122 104
122 105
122 107
122 108
122 109
122 111
122 112
122 117
122 119
122 124
122 122
123 101
123 102
123 103
123 104
123 105
123 106
123 107
123 109
123 113
123 114
123 115
123 116
123 117
123 120
123 121
123 122
123 124
123 137
123 123
124 76
124 100
124 103
124 104
124 105
124 106
124 107
124 108
124 109
124 110
124 111
124 112
124 115
124 116
124 117
124 118
124 121
124 123
124 124
128 17
128 129
128 131
128 132
128 133
128 135
128 136
128 137
128 138
128 139
128 143
128 144
128 145
128 146
128 147
128 148
128 149
128 127
128 128
129 68
129 118
129 130
129 133
129 134
129 135
129 136
129 138
129 139
129 140
129 142
129 143
129 144
129 145
129 146
129 147
129 148
129 149
129 125
129 126
129 127
129 129
130 44
130 79
130 131
130 132
130 133
130 134
130 136
130 137
130 139
130 140
130 142
130 143
130 144
130 145
130 147
130 148
130 149
130 125
130 126
130 127
130 130
131 88
131 128
131 130
131 133
131 134
131 136
131 137
131 138
131 139
131 142
131 144
131 145
131 146
131 147
131 148
131 149
131 125
131 126
131 127
131 131
132 117
132 129
132 131
132 133
132 135
132 136
132 137
132 140
132 141
132 142
132 143
132 144
132 145
132 146
132 147
132 148
132 127
132 132
133 128
133 129
133 130
133 132
133 134
133 135
133 136
133 137
133 138
133 140
133 141
133 143
133 144
133 146
133 149
133 125
133 126
133 127
133 133
134 59
134 130
134 131
134 132
134 133
134 135
134 136
134 137
134 139
134 140
134 142
134 143
134 144
134 145
134 146
134 147
134 149
134 127
134 134
135 76
135 113
135 128
135 130
135 131
135 133
135 134
135 136
135 137
135 139
135 140
135 141
135 143
135 145
135 146
135 149
135 125
135 126
135 127
135 135
136 36
136 67
136 89
136 128
136 129
136 130
136 132
136 133
136 134
136 135
136 137
136 140
136 141
136 143
136 145
136 146
136 147
136 149
136 125
136 126
136 127
136 136
137 96
137 128
137 129
137 130
137 132
137 133
137 134
137 135
137 136
137 138
137 139
137 140
137 141
137 142
137 143
137 144
137 145
137 146
137 148
137 149
137 125
137 126
137 137
138 28
138 77
138 129
138 130
138 133
138 134
138 135
138 136
138 141
138 142
138 143
138 144
138 145
138 146
138 147
138 149
138 125
138 126
138 127
138 138
139 128
139 129
139 130
139 133
139 134
139 135
139 136
139 140
139 141
139 142
139 143
139 144
139 145
139 147
139 148
139 126
139 127
139 139
140 104
140 131
140 132
140 133
140 136
140 138
140 141
140 144
140 145
140 148
140 149
140 125
140 126
140 127
140 140
141 26
141 128
141 129
141 131
141 132
141 133
141 134
141 136
141 137
141 138
141 140
141 142
141 125
141 127
141 141
142 17
142 104
142 128
142 129
142 130
142 135
142 138
142 139
142 140
142 143
142 144
142 146
142 147
142 148
142 149
142 125
142 126
142 127
142 142
143 68
143 78
143 129
143 130
143 131
143 132
143 137
143 139
143 141
143 142
143 147
143 148
143 149
143 125
143 127
143 143
144 51
144 128
144 129
144 130
144 133
144 134
144 137
144 138
144 140
144 142
144 143
144 145
144 146
144 147
144 148
144 149
144 125
144 126
144 144
145 15
145 132
145 134
145 135
145 136
145 137
145 139
145 143
145 144
145 147
145 148
145 126
145 145
146 116
146 129
146 133
146 135
146 136
146 137
146 138
146 139
146 140
146 141
146 143
146 145
146 147
146 148
146 149
146 125
146 126
146 146
147 102
147 129
147 130
147 131
147 134
147 136
147 137
147 139
147 140
147 141
147 142
147 143
147 145
147 148
147 149
147 125
147 126
147 127
147 147
148 5
148 59
148 129
148 131
148 132
148 133
148 134
148 135
148 137
148 138
148 139
148 141
148 143
148 144
148 146
148 147
148 149
148 125
148 126
148 127
148 148
149 128
149 129
149 130
149 133
149 134
149 135
149 136
149 137
149 140
149 141
149 144
149 146
149 148
149 126
149 127
149 149
125 128
125 129
125 130
125 131
125 132
125 134
125 135
125 137
125 138
125 139
125 140
125 143
125 144
125 145
125 147
125 149
125 126
125 125
126 128
126 129
126 130
126 131
126 132
126 134
126 135
126 136
126 137
126 138
126 141
126 142
126 143
126 144
126 145
126 146
126 147
126 148
126 149
126 126
127 128
127 130
127 131
127 132
127 134
127 135
127 136
127 137
127 139
127 140
127 141
127 143
127 144
127 146
127 147
127 148
127 149
127 125
127 127
