0 2
0 4
0 5
0 8
0 9
0 11
0 13
0 15
0 17
0 21
0 0
1 3
1 4
1 5
1 9
1 10
1 11
1 16
1 22
1 23
1 24
1 96
1 129
1 1
2 3
2 7
2 9
2 10
2 15
2 16
2 18
2 21
2 22
2 114
2 2
3 0
3 2
3 4
3 5
3 6
3 7
3 8
3 11
3 12
3 14
3 15
3 16
3 17
3 19
3 20
3 21
3 48
3 78
3 147
3 3
4 0
4 1
4 2
4 3
4 5
4 6
4 8
4 10
4 12
4 14
4 15
4 17
4 18
4 19
4 20
4 21
4 22
4 23
4 70
4 104
4 4
5 0
5 2
5 4
5 7
5 8
5 9
5 12
5 14
5 17
5 20
5 24
5 130
5 144
5 5
6 3
6 4
6 7
6 8
6 10
6 11
6 12
6 14
6 15
6 17
6 23
6 24
6 6
7 0
7 1
7 4
7 5
7 6
7 9
7 10
7 12
7 13
7 15
7 16
7 18
7 21
7 22
7 23
7 54
7 7
8 2
8 3
8 9
8 10
8 12
8 13
8 15
8 17
8 20
8 21
8 23
8 55
8 89
8 98
8 8
9 0
9 2
9 3
9 7
9 8
9 13
9 14
9 15
9 18
9 19
9 21
9 52
9 9
10 1
10 5
10 6
10 8
10 9
10 11
10 16
10 17
10 21
10 22
10 23
10 60
10 70
10 147
10 10
11 1
11 2
11 3
11 4
11 5
11 6
11 7
11 10
11 12
11 17
11 18
11 21
11 22
11 23
11 87
11 11
12 1
12 5
12 9
12 13
12 14
12 17
12 41
12 12
13 3
13 5
13 6
13 7
13 8
13 12
13 14
13 19
13 20
13 21
13 24
13 13
14 0
14 3
14 4
14 5
14 6
14 7
14 9
14 10
14 12
14 15
14 17
14 19
14 20
14 21
14 14
15 0
15 2
15 3
15 4
15 7
15 8
15 11
15 13
15 16
15 17
15 18
15 20
15 21
15 22
15 23
15 24
15 33
15 15
16 0
16 3
16 6
16 8
16 9
16 10
16 13
16 15
16 18
16 20
16 21
16 16
17 0
17 3
17 4
17 9
17 10
17 11
17 13
17 16
17 19
17 20
17 22
17 120
17 17
18 0
18 1
18 2
18 7
18 10
18 13
18 15
18 17
18 19
18 20
18 22
18 23
18 24
18 34
18 125
18 18
19 2
19 5
19 6
19 7
19 8
19 9
19 12
19 14
19 17
19 18
19 21
19 23
19 24
19 111
19 140
19 19
20 0
20 4
20 6
20 8
20 9
20 10
20 16
20 17
20 22
20 20
21 5
21 6
21 7
21 8
21 11
21 12
21 15
21 19
21 21
22 0
22 1
22 2
22 3
22 7
22 10
22 13
22 14
22 15
22 16
22 17
22 20
22 21
22 23
22 75
22 22
23 1
23 4
23 5
23 7
23 8
23 9
23 11
23 12
23 13
23 14
23 15
23 18
23 19
23 20
23 24
23 49
23 102
23 23
24 0
24 2
24 3
24 4
24 6
24 9
24 10
24 12
24 13
24 15
24 19
24 20
24 21
24 23
24 24
25 27
25 32
25 33
25 36
25 38
25 39
25 40
25 41
25 45
25 46
25 25
26 25
26 28
26 29
26 30
26 31
26 35
26 37
26 38
26 42
26 43
26 47
26 53
26 26
27 8
27 28
27 29
27 30
27 32
27 33
27 34
27 38
27 45
27 46
27 48
27 49
27 54
27 27
28 25
28 27
28 29
28 30
28 32
28 33
28 34
28 35
28 37
28 38
28 47
28 48
28 49
28 61
28 124
28 28
29 23
29 25
29 31
29 35
29 36
29 37
29 39
29 41
29 45
29 46
29 47
29 49
29 74
29 113
29 29
30 18
30 26
30 29
30 31
30 33
30 34
30 37
30 38
30 39
30 42
30 43
30 45
30 47
30 48
30 63
30 30
31 25
31 27
31 29
31 30
31 32
31 33
31 35
31 36
31 37
31 38
31 42
31 43
31 47
31 141
31 31
32 25
32 26
32 29
32 31
32 39
32 42
32 43
32 44
32 46
32 49
32 136
32 32
33 16
33 28
33 30
33 31
33 37
33 38
33 39
33 41
33 42
33 96
33 33
34 25
34 27
34 28
34 29
34 31
34 32
34 35
34 36
34 39
34 44
34 101
34 109
34 34
35 26
35 28
35 29
35 33
35 36
35 38
35 41
35 42
35 43
35 45
35 46
35 35
36 25
36 26
36 31
36 33
36 35
36 37
36 38
36 40
36 41
36 42
36 45
36 47
36 68
36 87
36 36
37 27
37 29
37 30
37 34
37 35
37 36
37 38
37 39
37 40
37 42
37 45
37 48
37 134
37 37
38 23
38 25
38 26
38 27
38 28
38 31
38 34
38 36
38 41
38 42
38 43
38 45
38 46
38 48
38 38
39 25
39 26
39 27
39 28
39 29
39 32
39 35
39 36
39 37
39 38
39 42
39 43
39 46
39 47
39 104
39 39
40 25
40 26
40 27
40 29
40 36
40 38
40 39
40 41
40 42
40 43
40 47
40 48
40 115
40 40
41 25
41 26
41 27
41 28
41 29
41 36
41 37
41 39
41 42
41 43
41 45
41 48
41 49
41 120
41 148
41 41
42 7
42 27
42 29
42 31
42 32
42 34
42 38
42 39
42 40
42 43
42 45
42 49
42 42
43 27
43 28
43 29
43 31
43 37
43 38
43 40
43 44
43 45
43 47
43 43
44 25
44 27
44 28
44 31
44 33
44 38
44 41
44 46
44 49
44 121
44 44
45 8
45 19
45 27
45 31
45 33
45 35
45 38
45 39
45 41
45 42
45 44
45 47
45 48
45 49
45 119
45 142
45 45
46 7
46 25
46 27
46 28
46 29
46 30
46 34
46 37
46 39
46 41
46 42
46 43
46 48
46 49
46 46
47 25
47 26
47 28
47 30
47 31
47 32
47 36
47 37
47 38
47 41
47 42
47 43
47 44
47 45
47 48
47 49
47 56
47 82
47 47
48 13
48 25
48 27
48 29
48 30
48 31
48 32
48 33
48 35
48 36
48 37
48 38
48 43
48 44
48 47
48 49
48 114
48 48
49 25
49 26
49 27
49 29
49 31
49 33
49 34
49 35
49 41
49 42
49 44
49 46
49 47
49 48
49 49
50 51
50 52
50 53
50 56
50 58
50 60
50 66
50 67
50 68
50 69
50 70
50 72
50 73
50 74
50 102
50 50
51 50
51 52
51 56
51 57
51 58
51 59
51 60
51 65
51 68
51 70
51 73
51 74
51 51
52 51
52 53
52 55
52 58
52 59
52 60
52 61
52 62
52 66
52 67
52 68
52 70
52 71
52 72
52 73
52 74
52 52
53 42
53 47
53 50
53 58
53 59
53 60
53 64
53 67
53 68
53 69
53 71
53 72
53 79
53 53
54 39
54 51
54 55
54 57
54 61
54 66
54 67
54 70
54 72
54 73
54 74
54 54
55 52
55 56
55 57
55 58
55 61
55 63
55 66
55 73
55 74
55 55
56 50
56 51
56 60
56 63
56 67
56 68
56 71
56 72
56 73
56 56
57 50
57 51
57 54
57 55
57 56
57 59
57 63
57 64
57 66
57 67
57 71
57 73
57 74
57 57
58 51
58 52
58 54
58 56
58 59
58 67
58 68
58 69
58 73
58 74
58 58
59 50
59 51
59 55
59 56
59 57
59 61
59 66
59 67
59 68
59 71
59 59
60 51
60 52
60 53
60 54
60 58
60 59
60 61
60 66
60 67
60 69
60 70
60 72
60 60
61 11
61 21
61 50
61 51
61 56
61 57
61 58
61 59
61 62
61 63
61 64
61 65
61 66
61 67
61 69
61 70
61 71
61 73
61 74
61 89
61 61
62 52
62 53
62 55
62 56
62 58
62 60
62 66
62 68
62 70
62 72
62 62
63 50
63 52
63 56
63 58
63 60
63 61
63 64
63 65
63 66
63 68
63 73
63 74
63 63
64 50
64 52
64 54
64 56
64 57
64 58
64 63
64 65
64 67
64 69
64 70
64 71
64 72
64 145
64 64
65 51
65 53
65 54
65 55
65 58
65 59
65 60
65 61
65 64
65 66
65 67
65 68
65 70
65 72
65 74
65 65
66 51
66 56
66 57
66 58
66 61
66 62
66 63
66 68
66 70
66 72
66 74
66 129
66 66
67 14
67 37
67 52
67 59
67 64
67 66
67 69
67 70
67 71
67 72
67 73
67 67
68 51
68 54
68 55
68 56
68 58
68 59
68 61
68 63
68 64
68 67
68 71
68 74
68 68
69 35
69 54
69 57
69 58
69 59
69 60
69 62
69 63
69 66
69 68
69 72
69 134
69 69
70 42
70 50
70 52
70 55
70 57
70 59
70 60
70 62
70 63
70 65
70 66
70 72
70 73
70 70
71 51
71 52
71 55
71 56
71 58
71 61
71 66
71 73
71 71
72 51
72 52
72 53
72 55
72 56
72 57
72 59
72 60
72 62
72 63
72 65
72 66
72 73
72 74
72 128
72 72
73 40
73 47
73 51
73 52
73 53
73 55
73 57
73 58
73 60
73 61
73 63
73 66
73 67
73 68
73 69
73 72
73 73
74 15
74 50
74 53
74 59
74 61
74 63
74 64
74 66
74 68
74 69
74 71
74 73
74 100
74 123
74 74
75 9
75 76
75 77
75 81
75 82
75 84
75 86
75 90
75 91
75 94
75 95
75 96
75 97
75 75
76 52
76 56
76 79
76 81
76 83
76 84
76 87
76 88
76 89
76 90
76 93
76 98
76 99
76 76
77 75
77 80
77 86
77 88
77 90
77 96
77 99
77 77
78 75
78 76
78 77
78 79
78 80
78 81
78 83
78 84
78 86
78 88
78 90
78 91
78 92
78 93
78 96
78 97
78 98
78 99
78 114
78 122
78 78
79 75
79 76
79 78
79 80
79 82
79 87
79 89
79 96
79 97
79 98
79 137
79 79
80 74
80 77
80 78
80 81
80 82
80 84
80 85
80 88
80 90
80 91
80 92
80 93
80 94
80 96
80 98
80 99
80 80
81 9
81 75
81 76
81 79
81 82
81 83
81 84
81 85
81 87
81 93
81 96
81 97
81 136
81 81
82 52
82 75
82 85
82 86
82 87
82 88
82 90
82 91
82 92
82 93
82 94
82 96
82 97
82 99
82 82
83 15
83 73
83 78
83 81
83 82
83 87
83 88
83 89
83 93
83 97
83 98
83 99
83 83
84 67
84 78
84 79
84 80
84 88
84 92
84 93
84 94
84 95
84 97
84 84
85 75
85 76
85 77
85 78
85 79
85 82
85 86
85 87
85 88
85 89
85 90
85 96
85 97
85 85
86 75
86 79
86 80
86 81
86 82
86 83
86 84
86 87
86 88
86 90
86 95
86 96
86 97
86 86
87 65
87 72
87 75
87 76
87 78
87 80
87 85
87 88
87 90
87 92
87 94
87 96
87 97
87 99
87 147
87 87
88 11
88 75
88 77
88 82
88 83
88 84
88 85
88 86
88 87
88 89
88 92
88 94
88 95
88 96
88 97
88 99
88 123
88 131
88 88
89 27
89 77
89 79
89 82
89 84
89 90
89 91
89 93
89 95
89 89
90 10
90 75
90 76
90 79
90 82
90 83
90 84
90 85
90 87
90 91
90 92
90 93
90 96
90 98
90 99
90 103
90 90
91 75
91 80
91 81
91 82
91 83
91 84
91 88
91 93
91 94
91 97
91 91
92 75
92 78
92 79
92 81
92 82
92 83
92 84
92 90
92 91
92 94
92 95
92 92
93 3
93 54
93 75
93 76
93 77
93 78
93 81
93 82
93 85
93 87
93 94
93 93
94 75
94 76
94 78
94 79
94 80
94 81
94 82
94 83
94 86
94 89
94 90
94 92
94 93
94 95
94 96
94 97
94 99
94 94
95 58
95 77
95 78
95 80
95 81
95 82
95 83
95 84
95 85
95 86
95 87
95 89
95 91
95 93
95 94
95 96
95 97
95 98
95 124
95 95
96 33
96 75
96 76
96 77
96 80
96 84
96 85
96 86
96 87
96 90
96 92
96 93
96 95
96 97
96 98
96 96
97 77
97 79
97 82
97 83
97 87
97 88
97 89
97 90
97 93
97 94
97 97
98 1
98 77
98 78
98 83
98 89
98 90
98 91
98 95
98 96
98 99
98 98
99 23
99 75
99 76
99 80
99 81
99 84
99 86
99 87
99 91
99 92
99 97
99 106
99 107
99 99
100 16
100 101
100 102
100 104
100 106
100 107
100 110
100 111
100 112
100 115
100 116
100 118
100 119
100 120
100 135
100 100
101 6
101 37
101 102
101 103
101 108
101 110
101 111
101 112
101 114
101 119
101 120
101 121
101 122
101 124
101 101
102 59
102 101
102 103
102 105
102 110
102 111
102 114
102 117
102 118
102 119
102 122
102 124
102 102
103 100
103 101
103 104
103 105
103 108
103 110
103 117
103 119
103 123
103 124
103 130
103 125
103 103
104 100
104 101
104 102
104 103
104 105
104 107
104 111
104 112
104 115
104 116
104 122
104 123
104 104
105 100
105 101
105 103
105 106
105 110
105 113
105 114
105 115
105 116
105 119
105 120
105 122
105 123
105 124
105 105
106 73
106 100
106 102
106 103
106 105
106 107
106 108
106 109
106 110
106 111
106 112
106 113
106 116
106 122
106 123
106 124
106 106
107 67
107 100
107 102
107 103
107 105
107 108
107 109
107 111
107 114
107 115
107 116
107 118
107 120
107 121
107 124
107 107
108 19
108 25
108 86
108 101
108 107
108 109
108 110
108 112
108 117
108 118
108 119
108 120
108 148
108 108
109 31
109 100
109 101
109 102
109 105
109 110
109 113
109 114
109 116
109 120
109 123
109 109
110 52
110 102
110 103
110 104
110 105
110 109
110 111
110 112
110 113
110 114
110 115
110 116
110 118
110 120
110 121
110 122
110 123
110 110
111 52
111 100
111 101
111 103
111 105
111 107
111 108
111 110
111 113
111 114
111 116
111 121
111 123
111 111
112 73
112 80
112 101
112 103
112 104
112 106
112 110
112 111
112 116
112 120
112 121
112 123
112 124
112 131
112 125
112 112
113 20
113 32
113 100
113 101
113 102
113 105
113 110
113 111
113 112
113 114
113 116
113 117
113 122
113 123
113 113
114 26
114 105
114 106
114 108
114 111
114 112
114 115
114 116
114 118
114 119
114 120
114 121
114 124
114 114
115 90
115 100
115 101
115 103
115 108
115 109
115 110
115 111
115 113
115 114
115 116
115 117
115 120
115 121
115 122
115 115
116 19
116 64
116 71
116 100
116 102
116 103
116 104
116 108
116 110
116 113
116 115
116 117
116 119
116 122
116 116
117 20
117 60
117 74
117 101
117 103
117 104
117 105
117 106
117 109
117 110
117 114
117 115
117 116
117 118
117 120
117 117
118 100
118 101
118 105
118 106
118 112
118 113
118 114
118 115
118 120
118 121
118 122
118 123
118 118
119 81
119 102
119 105
119 108
119 110
119 111
119 115
119 116
119 118
119 120
119 121
119 122
119 124
119 119
120 57
120 101
120 102
120 103
120 105
120 108
120 110
120 111
120 113
120 117
120 118
120 119
120 121
120 122
120 123
120 120
121 82
121 95
121 101
121 104
121 108
121 109
121 111
121 113
121 114
121 118
121 119
121 120
121 123
121 121
122 85
122 102
122 104
122 111
122 117
122 118
122 120
122 121
122 124
122 122
123 77
123 95
123 100
123 103
123 104
123 113
123 114
123 115
123 116
123 117
123 118
123 119
123 120
123 122
123 123
124 48
124 106
124 108
124 110
124 116
124 119
124 124
128 130
128 131
128 135
128 138
128 139
128 141
128 142
128 143
128 146
128 147
128 148
128 125
128 126
128 127
128 128
129 69
129 119
129 128
129 132
129 133
129 134
129 136
129 137
129 138
129 139
129 140
129 141
129 142
129 144
129 145
129 148
129 126
129 127
129 129
130 44
130 90
130 123
130 128
130 131
130 133
130 135
130 136
130 137
130 138
130 139
130 144
130 145
130 147
130 148
130 126
130 130
131 128
131 129
131 132
131 133
131 137
131 138
131 139
131 140
131 141
131 143
131 148
131 125
131 127
131 131
132 22
132 81
132 106
132 128
132 134
132 136
132 137
132 138
132 140
132 148
132 149
132 125
132 126
132 127
132 132
133 24
133 130
133 135
133 138
133 140
133 143
133 145
133 146
133 149
133 125
133 127
133 133
134 45
134 68
134 129
134 132
134 136
134 137
134 145
134 148
134 149
134 125
134 126
134 134
135 5
135 129
135 132
135 133
135 137
135 138
135 141
135 143
135 144
135 145
135 146
135 147
135 148
135 149
135 126
135 135
136 129
136 130
136 131
136 132
136 133
136 134
136 137
136 138
136 139
136 140
136 143
136 144
136 146
136 148
136 149
136 126
136 136
137 5
137 51
137 129
137 131
137 132
137 133
137 134
137 136
137 138
137 146
137 147
137 148
137 149
137 125
137 126
137 127
137 137
138 128
138 129
138 135
138 139
138 143
138 144
138 145
138 146
138 147
138 149
138 138
139 128
139 129
139 130
139 135
139 137
139 138
139 143
139 145
139 146
139 139
140 88
140 128
140 130
140 133
140 135
140 137
140 139
140 142
140 143
140 144
140 145
140 149
140 127
140 140
141 7
141 21
141 128
141 129
141 137
141 138
141 139
141 145
141 147
141 148
141 127
141 141
142 128
142 131
142 132
142 133
142 134
142 136
142 138
142 139
142 140
142 141
142 144
142 149
142 125
142 142
143 20
143 128
143 129
143 130
143 134
143 137
143 142
143 146
143 149
143 125
143 143
144 114
144 128
144 129
144 130
144 131
144 133
144 136
144 139
144 140
144 145
144 146
144 147
144 125
144 126
144 144
145 128
145 130
145 137
145 138
145 142
145 143
145 146
145 147
145 125
145 145
146 68
146 128
146 129
146 131
146 134
146 136
146 142
146 143
146 145
146 147
146 148
146 125
146 126
146 146
147 132
147 133
147 134
147 137
147 140
147 141
147 142
147 144
147 146
147 125
147 127
147 147
148 7
148 131
148 132
148 135
148 136
148 137
148 138
148 145
148 146
148 125
148 126
148 148
149 70
149 129
149 132
149 138
149 139
149 140
149 141
149 144
149 145
149 146
149 147
149 148
149 125
149 149
125 119
125 130
125 131
125 132
125 135
125 136
125 137
125 138
125 139
125 140
125 142
125 143
125 144
125 145
125 147
125 149
125 125
126 128
126 129
126 130
126 131
126 133
126 135
126 136
126 139
126 140
126 141
126 143
126 144
126 145
126 147
126 125
126 127
126 126
127 128
127 129
127 130
127 134
127 138
127 140
127 142
127 143
127 146
127 147
127 125
127 127
