0 2
0 3
0 4
0 6
0 7
0 9
0 10
0 12
0 15
0 16
0 17
0 18
0 19
0 21
0 24
0 37
0 67
0 129
0 0
1 0
1 2
1 3
1 4
1 9
1 11
1 19
1 22
1 23
1 90
1 120
1 126
1 1
2 1
2 5
2 7
2 8
2 9
2 10
2 12
2 14
2 21
2 22
2 35
2 53
2 58
2 131
2 136
2 2
3 4
3 5
3 10
3 13
3 18
3 19
3 23
3 30
3 44
3 63
3 3
4 0
4 1
4 6
4 8
4 9
4 10
4 12
4 13
4 15
4 16
4 18
4 20
4 21
4 23
4 129
4 143
4 4
5 0
5 1
5 4
5 6
5 7
5 8
5 9
5 10
5 11
5 14
5 16
5 17
5 18
5 19
5 20
5 139
5 144
5 5
6 0
6 5
6 11
6 12
6 17
6 18
6 21
6 22
6 23
6 61
6 6
7 4
7 9
7 12
7 13
7 14
7 16
7 17
7 20
7 24
7 74
7 7
8 1
8 4
8 6
8 7
8 9
8 10
8 11
8 12
8 14
8 16
8 21
8 23
8 24
8 38
8 66
8 119
8 8
9 0
9 1
9 4
9 5
9 6
9 10
9 11
9 12
9 15
9 16
9 18
9 19
9 21
9 23
9 24
9 77
9 9
10 1
10 2
10 3
10 4
10 5
10 7
10 11
10 13
10 14
10 16
10 24
10 108
10 10
11 1
11 3
11 6
11 8
11 12
11 15
11 18
11 19
11 20
11 22
11 24
11 83
11 11
12 7
12 10
12 13
12 16
12 17
12 20
12 21
12 23
12 24
12 97
12 12
13 0
13 2
13 3
13 6
13 12
13 15
13 17
13 18
13 19
13 21
13 13
14 0
14 1
14 3
14 4
14 5
14 6
14 10
14 12
14 16
14 19
14 20
14 22
14 14
15 0
15 1
15 4
15 6
15 12
15 16
15 18
15 19
15 20
15 22
15 24
15 112
15 118
15 140
15 15
16 0
16 1
16 2
16 4
16 6
16 8
16 9
16 10
16 11
16 12
16 13
16 19
16 23
16 42
16 16
17 0
17 2
17 7
17 8
17 11
17 13
17 14
17 18
17 19
17 20
17 21
17 23
17 24
17 91
17 17
18 0
18 3
18 7
18 8
18 9
18 10
18 11
18 14
18 15
18 20
18 21
18 22
18 23
18 24
18 101
18 111
18 18
19 5
19 6
19 9
19 14
19 15
19 17
19 18
19 21
19 32
19 71
19 106
19 19
20 2
20 3
20 5
20 6
20 7
20 9
20 11
20 12
20 16
20 19
20 21
20 22
20 111
20 126
20 20
21 1
21 2
21 6
21 9
21 10
21 11
21 16
21 17
21 19
21 22
21 23
21 39
21 89
21 97
21 98
21 21
22 0
22 4
22 6
22 7
22 8
22 9
22 12
22 14
22 16
22 17
22 19
22 20
22 21
22 24
22 75
22 117
22 123
22 22
23 2
23 4
23 5
23 10
23 11
23 12
23 13
23 14
23 17
23 18
23 19
23 21
23 22
23 24
23 23
24 4
24 5
24 6
24 8
24 9
24 11
24 16
24 18
24 19
24 20
24 22
24 23
24 48
24 120
24 124
24 144
24 24
25 27
25 28
25 29
25 32
25 37
25 40
25 43
25 45
25 48
25 54
25 67
25 25
26 31
26 33
26 34
26 37
26 38
26 40
26 42
26 44
26 45
26 46
26 75
26 26
27 10
27 25
27 28
27 30
27 32
27 34
27 36
27 39
27 41
27 43
27 45
27 47
27 49
27 27
28 26
28 31
28 35
28 36
28 37
28 41
28 42
28 43
28 44
28 45
28 28
29 13
29 28
29 30
29 32
29 34
29 37
29 39
29 40
29 41
29 43
29 46
29 48
29 49
29 29
30 25
30 26
30 27
30 29
30 31
30 32
30 33
30 35
30 36
30 38
30 41
30 48
30 49
30 30
31 25
31 26
31 27
31 28
31 32
31 33
31 39
31 40
31 41
31 42
31 47
31 48
31 49
31 31
32 1
32 27
32 29
32 30
32 31
32 34
32 37
32 41
32 43
32 44
32 47
32 48
32 32
33 5
33 25
33 26
33 29
33 30
33 31
33 34
33 35
33 36
33 37
33 38
33 39
33 40
33 42
33 44
33 45
33 46
33 33
34 29
34 32
34 33
34 35
34 37
34 38
34 40
34 41
34 42
34 48
34 34
35 25
35 26
35 27
35 32
35 39
35 40
35 41
35 42
35 43
35 44
35 46
35 49
35 76
35 100
35 35
36 25
36 28
36 29
36 31
36 34
36 37
36 39
36 40
36 41
36 42
36 43
36 44
36 45
36 46
36 47
36 48
36 49
36 66
36 80
36 87
36 114
36 36
37 2
37 7
37 25
37 26
37 28
37 29
37 31
37 36
37 38
37 39
37 40
37 41
37 43
37 44
37 45
37 48
37 95
37 145
37 37
38 25
38 26
38 27
38 30
38 36
38 43
38 44
38 48
38 61
38 101
38 38
39 25
39 26
39 28
39 31
39 32
39 34
39 35
39 36
39 38
39 40
39 43
39 47
39 48
39 49
39 39
40 25
40 26
40 28
40 29
40 31
40 32
40 33
40 35
40 37
40 39
40 41
40 42
40 43
40 44
40 45
40 48
40 49
40 40
41 32
41 34
41 37
41 38
41 40
41 45
41 49
41 41
42 26
42 27
42 28
42 30
42 31
42 32
42 35
42 37
42 38
42 41
42 44
42 46
42 48
42 49
42 76
42 89
42 142
42 42
43 25
43 27
43 28
43 30
43 31
43 32
43 34
43 36
43 39
43 45
43 47
43 49
43 79
43 43
44 26
44 30
44 31
44 32
44 34
44 39
44 41
44 43
44 45
44 47
44 48
44 49
44 83
44 44
45 25
45 26
45 32
45 33
45 34
45 37
45 40
45 41
45 42
45 44
45 46
45 113
45 45
46 25
46 26
46 27
46 28
46 29
46 30
46 31
46 33
46 34
46 41
46 43
46 49
46 46
47 27
47 30
47 31
47 33
47 36
47 38
47 40
47 41
47 44
47 45
47 46
47 48
47 129
47 47
48 25
48 29
48 30
48 31
48 34
48 36
48 38
48 41
48 42
48 45
48 47
48 48
49 28
49 30
49 33
49 34
49 36
49 38
49 39
49 40
49 44
49 48
49 74
49 147
49 49
50 52
50 54
50 55
50 59
50 60
50 61
50 62
50 63
50 66
50 67
50 69
50 70
50 73
50 74
50 50
51 19
51 52
51 53
51 55
51 57
51 59
51 60
51 62
51 63
51 66
51 67
51 68
51 70
51 71
51 73
51 74
51 133
51 126
51 51
52 41
52 50
52 53
52 55
52 56
52 58
52 62
52 65
52 66
52 67
52 68
52 70
52 71
52 73
52 74
52 52
53 50
53 51
53 54
53 55
53 58
53 59
53 60
53 61
53 63
53 66
53 69
53 70
53 71
53 73
53 74
53 53
54 52
54 61
54 65
54 66
54 70
54 71
54 72
54 74
54 54
55 14
55 51
55 53
55 54
55 56
55 59
55 60
55 62
55 67
55 69
55 71
55 74
55 55
56 55
56 57
56 59
56 60
56 62
56 64
56 67
56 68
56 70
56 72
56 73
56 74
56 86
56 56
57 51
57 52
57 54
57 56
57 59
57 60
57 62
57 68
57 69
57 70
57 71
57 72
57 102
57 109
57 57
58 50
58 51
58 52
58 54
58 55
58 56
58 60
58 61
58 62
58 64
58 65
58 67
58 68
58 69
58 72
58 73
58 105
58 111
58 58
59 12
59 51
59 54
59 55
59 56
59 57
59 61
59 62
59 63
59 66
59 68
59 69
59 74
59 102
59 109
59 121
59 59
60 53
60 55
60 58
60 61
60 62
60 64
60 65
60 66
60 69
60 73
60 60
61 51
61 53
61 54
61 57
61 63
61 66
61 67
61 69
61 70
61 71
61 74
61 116
61 61
62 51
62 52
62 54
62 55
62 58
62 59
62 60
62 63
62 65
62 66
62 67
62 69
62 70
62 73
62 74
62 62
63 53
63 55
63 56
63 59
63 61
63 62
63 66
63 67
63 69
63 70
63 72
63 74
63 63
64 50
64 52
64 57
64 58
64 60
64 62
64 66
64 68
64 71
64 73
64 74
64 123
64 64
65 50
65 51
65 55
65 56
65 57
65 58
65 59
65 62
65 63
65 64
65 66
65 69
65 72
65 136
65 65
66 51
66 53
66 55
66 56
66 57
66 59
66 60
66 61
66 63
66 65
66 67
66 69
66 70
66 71
66 72
66 73
66 66
67 51
67 53
67 57
67 58
67 59
67 60
67 61
67 62
67 63
67 71
67 67
68 50
68 51
68 52
68 54
68 57
68 59
68 60
68 61
68 63
68 66
68 67
68 69
68 70
68 68
69 51
69 56
69 58
69 60
69 65
69 66
69 67
69 71
69 73
69 69
70 55
70 57
70 58
70 60
70 62
70 64
70 67
70 68
70 70
71 51
71 53
71 55
71 56
71 58
71 59
71 60
71 64
71 67
71 69
71 70
71 72
71 73
71 71
72 50
72 51
72 53
72 55
72 59
72 60
72 62
72 63
72 65
72 67
72 68
72 69
72 70
72 71
72 73
72 104
72 125
72 72
73 51
73 52
73 53
73 55
73 57
73 58
73 59
73 61
73 64
73 69
73 71
73 86
73 73
74 50
74 52
74 53
74 56
74 57
74 59
74 60
74 61
74 63
74 66
74 68
74 69
74 71
74 73
74 96
74 147
74 74
75 79
75 80
75 83
75 85
75 86
75 87
75 89
75 90
75 92
75 94
75 98
75 132
75 75
76 75
76 77
76 79
76 81
76 82
76 84
76 85
76 86
76 87
76 89
76 90
76 91
76 92
76 94
76 97
76 98
76 99
76 116
76 76
77 75
77 80
77 84
77 87
77 88
77 90
77 91
77 92
77 93
77 98
77 77
78 70
78 77
78 82
78 84
78 89
78 91
78 94
78 97
78 98
78 99
78 78
79 75
79 76
79 78
79 80
79 83
79 85
79 90
79 91
79 94
79 96
79 97
79 98
79 79
80 76
80 77
80 78
80 84
80 85
80 86
80 88
80 89
80 97
80 98
80 99
80 80
81 47
81 75
81 77
81 79
81 80
81 82
81 83
81 84
81 86
81 88
81 90
81 91
81 94
81 95
81 96
81 99
81 121
81 81
82 30
82 71
82 78
82 80
82 86
82 89
82 91
82 92
82 93
82 94
82 97
82 82
83 75
83 76
83 78
83 79
83 80
83 82
83 86
83 87
83 89
83 92
83 96
83 98
83 83
84 75
84 76
84 77
84 78
84 79
84 85
84 86
84 87
84 89
84 92
84 95
84 99
84 84
85 75
85 79
85 82
85 83
85 84
85 92
85 93
85 96
85 147
85 85
86 75
86 76
86 79
86 80
86 82
86 83
86 84
86 87
86 88
86 93
86 94
86 95
86 97
86 99
86 104
86 86
87 25
87 37
87 68
87 75
87 76
87 77
87 79
87 81
87 84
87 85
87 88
87 90
87 91
87 96
87 98
87 87
88 78
88 80
88 81
88 84
88 85
88 89
88 91
88 93
88 94
88 97
88 112
88 143
88 88
89 75
89 76
89 77
89 78
89 80
89 84
89 86
89 87
89 90
89 91
89 92
89 93
89 94
89 98
89 99
89 131
89 89
90 76
90 77
90 79
90 81
90 82
90 83
90 84
90 86
90 87
90 91
90 92
90 93
90 94
90 96
90 98
90 99
90 90
91 75
91 76
91 77
91 78
91 81
91 83
91 85
91 86
91 88
91 90
91 95
91 96
91 97
91 98
91 91
92 11
92 51
92 77
92 81
92 82
92 85
92 87
92 88
92 90
92 96
92 98
92 92
93 75
93 76
93 77
93 78
93 80
93 85
93 86
93 88
93 90
93 91
93 95
93 93
94 75
94 77
94 78
94 79
94 81
94 82
94 85
94 89
94 92
94 95
94 96
94 97
94 99
94 131
94 94
95 31
95 75
95 77
95 78
95 79
95 81
95 87
95 91
95 94
95 96
95 98
95 95
96 78
96 81
96 83
96 85
96 86
96 87
96 90
96 92
96 94
96 99
96 96
97 76
97 77
97 78
97 82
97 83
97 84
97 87
97 92
97 93
97 95
97 96
97 118
97 142
97 97
98 9
98 75
98 78
98 79
98 80
98 81
98 82
98 84
98 85
98 89
98 92
98 94
98 99
98 136
98 98
99 77
99 79
99 83
99 85
99 86
99 89
99 90
99 92
99 95
99 96
99 109
99 99
100 55
100 69
100 104
100 107
100 108
100 110
100 112
100 113
100 116
100 117
100 119
100 122
100 123
100 100
101 100
101 103
101 104
101 105
101 108
101 111
101 118
101 120
101 121
101 124
101 101
102 24
102 103
102 105
102 107
102 108
102 109
102 110
102 113
102 114
102 116
102 117
102 118
102 119
102 120
102 121
102 123
102 124
102 102
103 95
103 101
103 102
103 104
103 105
103 108
103 109
103 112
103 114
103 116
103 119
103 121
103 123
103 124
103 125
103 103
104 61
104 101
104 102
104 103
104 105
104 107
104 108
104 109
104 112
104 115
104 116
104 119
104 104
105 95
105 101
105 103
105 104
105 111
105 113
105 114
105 115
105 117
105 118
105 123
105 105
106 100
106 101
106 102
106 104
106 105
106 109
106 113
106 114
106 115
106 116
106 118
106 119
106 120
106 121
106 123
106 106
107 100
107 102
107 105
107 106
107 114
107 115
107 116
107 119
107 121
107 124
107 107
108 100
108 101
108 104
108 105
108 111
108 113
108 115
108 117
108 119
108 122
108 123
108 124
108 108
109 36
109 96
109 100
109 104
109 105
109 106
109 110
109 111
109 112
109 113
109 114
109 117
109 118
109 120
109 124
109 126
109 109
110 15
110 16
110 51
110 100
110 103
110 106
110 109
110 117
110 121
110 110
111 55
111 58
111 101
111 102
111 104
111 105
111 109
111 112
111 115
111 116
111 119
111 120
111 121
111 122
111 123
111 124
111 111
112 45
112 52
112 102
112 103
112 106
112 110
112 117
112 118
112 121
112 123
112 124
112 112
113 45
113 100
113 101
113 102
113 103
113 106
113 109
113 111
113 114
113 117
113 121
113 123
113 113
114 103
114 106
114 109
114 113
114 115
114 117
114 123
114 124
114 114
115 100
115 101
115 102
115 104
115 105
115 106
115 107
115 108
115 109
115 110
115 111
115 114
115 118
115 119
115 122
115 123
115 132
115 136
115 115
116 3
116 100
116 101
116 102
116 105
116 109
116 110
116 111
116 112
116 114
116 118
116 119
116 123
116 116
117 101
117 102
117 103
117 107
117 108
117 112
117 114
117 118
117 120
117 122
117 123
117 117
118 48
118 92
118 103
118 104
118 105
118 106
118 107
118 108
118 109
118 111
118 112
118 113
118 115
118 116
118 119
118 120
118 123
118 124
118 118
119 68
119 101
119 103
119 115
119 116
119 118
119 120
119 121
119 122
119 124
119 127
119 119
120 50
120 101
120 103
120 104
120 105
120 106
120 109
120 113
120 115
120 116
120 119
120 122
120 120
121 44
121 104
121 109
121 111
121 113
121 115
121 117
121 118
121 119
121 121
122 62
122 101
122 102
122 103
122 109
122 110
122 111
122 112
122 113
122 115
122 120
122 123
122 124
122 143
122 122
123 107
123 108
123 110
123 111
123 116
123 117
123 118
123 120
123 129
123 123
124 93
124 103
124 104
124 106
124 107
124 108
124 110
124 113
124 115
124 122
124 123
124 124
128 12
128 40
128 112
128 129
128 130
128 131
128 133
128 135
128 136
128 137
128 141
128 143
128 148
128 149
128 126
128 127
128 128
129 62
129 80
129 133
129 134
129 137
129 138
129 139
129 140
129 143
129 144
129 145
129 146
129 148
129 126
129 129
130 128
130 129
130 133
130 134
130 135
130 139
130 140
130 144
130 146
130 148
130 149
130 125
130 130
131 128
131 129
131 130
131 132
131 138
131 139
131 144
131 147
131 149
131 127
131 131
132 34
132 130
132 131
132 133
132 136
132 137
132 138
132 140
132 147
132 149
132 127
132 132
133 128
133 131
133 132
133 134
133 135
133 138
133 141
133 144
133 146
133 147
133 148
133 149
133 126
133 133
134 129
134 130
134 137
134 139
134 142
134 143
134 144
134 125
134 134
135 97
135 103
135 130
135 131
135 132
135 133
135 136
135 137
135 138
135 141
135 146
135 148
135 149
135 125
135 126
135 135
136 12
136 92
136 100
136 123
136 128
136 130
136 131
136 132
136 135
136 139
136 141
136 143
136 145
136 147
136 148
136 149
136 125
136 127
136 136
137 128
137 130
137 133
137 134
137 135
137 136
137 139
137 140
137 143
137 146
137 147
137 149
137 127
137 137
138 17
138 52
138 131
138 132
138 133
138 134
138 135
138 137
138 141
138 142
138 143
138 144
138 147
138 148
138 126
138 138
139 27
139 68
139 128
139 129
139 130
139 136
139 137
139 138
139 140
139 141
139 143
139 144
139 145
139 146
139 125
139 126
139 127
139 139
140 3
140 122
140 129
140 136
140 137
140 139
140 141
140 143
140 144
140 147
140 148
140 149
140 126
140 127
140 140
141 128
141 132
141 133
141 135
141 137
141 140
141 142
141 143
141 146
141 147
141 148
141 125
141 141
142 19
142 67
142 123
142 132
142 135
142 136
142 137
142 138
142 140
142 141
142 143
142 144
142 145
142 148
142 149
142 126
142 142
143 128
143 133
143 134
143 136
143 139
143 144
143 145
143 146
143 147
143 148
143 149
143 125
143 127
143 143
144 66
144 129
144 134
144 136
144 137
144 138
144 141
144 145
144 147
144 148
144 149
144 125
144 126
144 144
145 118
145 128
145 133
145 135
145 136
145 138
145 139
145 140
145 141
145 142
145 143
145 144
145 146
145 147
145 148
145 149
145 125
145 126
145 127
145 145
146 130
146 131
146 132
146 133
146 134
146 135
146 138
146 139
146 140
146 141
146 143
146 144
146 145
146 148
146 126
146 146
147 34
147 129
147 130
147 132
147 135
147 138
147 139
147 140
147 141
147 143
147 146
147 148
147 149
147 125
147 147
148 128
148 129
148 130
148 135
148 137
148 138
148 139
148 141
148 143
148 145
148 146
148 147
148 149
148 125
148 127
148 148
149 40
149 128
149 129
149 134
149 135
149 137
149 138
149 139
149 140
149 142
149 143
149 144
149 145
149 147
149 149
125 128
125 129
125 130
125 131
125 133
125 135
125 136
125 137
125 139
125 140
125 142
125 145
125 146
125 125
126 27
126 128
126 129
126 130
126 131
126 132
126 133
126 135
126 137
126 138
126 139
126 142
126 143
126 145
126 147
126 148
126 149
126 125
126 126
127 129
127 133
127 134
127 136
127 138
127 139
127 140
127 141
127 142
127 144
127 145
127 147
127 149
127 125
127 126
127 127
